<?xml version="1.0"?>
<opencv_storage>
<calibrationDate>"Mon Feb 19 11:34:27 2024"</calibrationDate>
<framesCount>31</framesCount>
<cameraResolution>
  1920 1080</cameraResolution>
<cameraMatrix type_id="opencv-matrix">
  <rows>3</rows>
  <cols>3</cols>
  <dt>d</dt>
  <data>
    1.4844497141283391e+03 0. 9.3609207441094247e+02 0.
    1.4844497141283391e+03 5.4900347204676780e+02 0. 0. 1.</data></cameraMatrix>
<cameraMatrix_std_dev type_id="opencv-matrix">
  <rows>4</rows>
  <cols>1</cols>
  <dt>d</dt>
  <data>
    0. 9.2970842241470542e-01 3.7749486522440628e-01
    4.6399903105371659e-01</data></cameraMatrix_std_dev>
<dist_coeffs type_id="opencv-matrix">
  <rows>1</rows>
  <cols>5</cols>
  <dt>d</dt>
  <data>
    9.0893909490642022e-02 0. 0. 0. -3.6578721699375305e-01</data></dist_coeffs>
<dist_coeffs_std_dev type_id="opencv-matrix">
  <rows>5</rows>
  <cols>1</cols>
  <dt>d</dt>
  <data>
    6.7083083315300153e-04 0. 0. 0. 4.3834502985457078e-03</data></dist_coeffs_std_dev>
<avg_reprojection_error>2.0803433638021607e-01</avg_reprojection_error>
</opencv_storage>
