<?xml version="1.0"?>
<opencv_storage>
<calibrationDate>"Mon Feb 19 11:39:25 2024"</calibrationDate>
<framesCount>30</framesCount>
<cameraResolution>
  1920 1080</cameraResolution>
<cameraMatrix type_id="opencv-matrix">
  <rows>3</rows>
  <cols>3</cols>
  <dt>d</dt>
  <data>
    1.4886417820831959e+03 0. 9.3549235674503325e+02 0.
    1.4886417820831959e+03 5.5421701378911439e+02 0. 0. 1.</data></cameraMatrix>
<cameraMatrix_std_dev type_id="opencv-matrix">
  <rows>4</rows>
  <cols>1</cols>
  <dt>d</dt>
  <data>
    0. 1.9657276213235944e+00 3.8801797811355188e-01
    3.6809942009516894e-01</data></cameraMatrix_std_dev>
<dist_coeffs type_id="opencv-matrix">
  <rows>1</rows>
  <cols>5</cols>
  <dt>d</dt>
  <data>
    9.8889492030219392e-02 0. 0. 0. -4.0961037061087185e-01</data></dist_coeffs>
<dist_coeffs_std_dev type_id="opencv-matrix">
  <rows>5</rows>
  <cols>1</cols>
  <dt>d</dt>
  <data>
    6.2658774098382406e-04 0. 0. 0. 4.9667297220216408e-03</data></dist_coeffs_std_dev>
<avg_reprojection_error>1.4569454920804284e-01</avg_reprojection_error>
</opencv_storage>
