<?xml version="1.0"?>
<opencv_storage>
<calibrationDate>"Mon Mar 11 10:37:31 2024"</calibrationDate>
<framesCount>29</framesCount>
<cameraResolution>
  1280 720</cameraResolution>
<cameraMatrix type_id="opencv-matrix">
  <rows>3</rows>
  <cols>3</cols>
  <dt>d</dt>
  <data>
    1.0813120191838948e+03 0. 6.3411441387906018e+02 0.
    1.0813120191838948e+03 3.7688779327825392e+02 0. 0. 1.</data></cameraMatrix>
<cameraMatrix_std_dev type_id="opencv-matrix">
  <rows>4</rows>
  <cols>1</cols>
  <dt>d</dt>
  <data>
    0. 3.7006122703043278e+00 4.6658674928728605e-01
    1.0789605778387323e+00</data></cameraMatrix_std_dev>
<dist_coeffs type_id="opencv-matrix">
  <rows>1</rows>
  <cols>5</cols>
  <dt>d</dt>
  <data>
    9.6629288430899907e-02 -4.0088575156766759e-01 0. 0.
    7.4491691037023222e-01</data></dist_coeffs>
<dist_coeffs_std_dev type_id="opencv-matrix">
  <rows>5</rows>
  <cols>1</cols>
  <dt>d</dt>
  <data>
    3.2314138543273552e-03 2.4616525583169721e-02 0. 0.
    5.8685939428968048e-02</data></dist_coeffs_std_dev>
<avg_reprojection_error>1.7990712848111473e-01</avg_reprojection_error>
</opencv_storage>
