<?xml version="1.0"?>
<opencv_storage>
<calibrationDate>"Thu Mar 28 15:27:55 2024"</calibrationDate>
<framesCount>29</framesCount>
<cameraResolution>
  1920 1080</cameraResolution>
<cameraMatrix type_id="opencv-matrix">
  <rows>3</rows>
  <cols>3</cols>
  <dt>d</dt>
  <data>
    1.4987140165874782e+03 0. 9.2759251006733552e+02 0.
    1.4987140165874782e+03 5.4938470503525798e+02 0. 0. 1.</data></cameraMatrix>
<cameraMatrix_std_dev type_id="opencv-matrix">
  <rows>4</rows>
  <cols>1</cols>
  <dt>d</dt>
  <data>
    0. 2.4002533343678119e+00 4.0855329330326906e-01
    4.3141022893071040e-01</data></cameraMatrix_std_dev>
<dist_coeffs type_id="opencv-matrix">
  <rows>1</rows>
  <cols>5</cols>
  <dt>d</dt>
  <data>
    1.0032746909751902e-01 0. 0. 0. -4.6694831846938267e-01</data></dist_coeffs>
<dist_coeffs_std_dev type_id="opencv-matrix">
  <rows>5</rows>
  <cols>1</cols>
  <dt>d</dt>
  <data>
    1.2082457453986705e-03 0. 0. 0. 8.3183650813855765e-03</data></dist_coeffs_std_dev>
<avg_reprojection_error>1.4646058843005580e-01</avg_reprojection_error>
</opencv_storage>
