<?xml version="1.0"?>
<opencv_storage>
<calibrationDate>"Thu Mar 28 15:25:59 2024"</calibrationDate>
<framesCount>29</framesCount>
<cameraResolution>
  1920 1080</cameraResolution>
<cameraMatrix type_id="opencv-matrix">
  <rows>3</rows>
  <cols>3</cols>
  <dt>d</dt>
  <data>
    1.4893482804138894e+03 0. 9.3296498581567016e+02 0.
    1.4893482804138894e+03 5.5242357171216543e+02 0. 0. 1.</data></cameraMatrix>
<cameraMatrix_std_dev type_id="opencv-matrix">
  <rows>4</rows>
  <cols>1</cols>
  <dt>d</dt>
  <data>
    0. 1.5177381631534246e+00 2.1944887828510826e-01
    7.4831418425525764e-01</data></cameraMatrix_std_dev>
<dist_coeffs type_id="opencv-matrix">
  <rows>1</rows>
  <cols>5</cols>
  <dt>d</dt>
  <data>
    0. 1.4366456940143848e+00 0. 0. -6.2395294244727610e+00</data></dist_coeffs>
<dist_coeffs_std_dev type_id="opencv-matrix">
  <rows>5</rows>
  <cols>1</cols>
  <dt>d</dt>
  <data>
    0. 2.0817368480402040e-02 0. 0. 1.6262851609346324e-01</data></dist_coeffs_std_dev>
<avg_reprojection_error>1.0542475167341182e-01</avg_reprojection_error>
</opencv_storage>
