<?xml version="1.0"?>
<opencv_storage>
<calibrationDate>"Fri Feb  9 15:16:04 2024"</calibrationDate>
<framesCount>21</framesCount>
<cameraResolution>
  1920 1080</cameraResolution>
<cameraMatrix type_id="opencv-matrix">
  <rows>3</rows>
  <cols>3</cols>
  <dt>d</dt>
  <data>
    1.4749401443300962e+03 0. 9.2868638770831058e+02 0.
    1.4749401443300962e+03 5.7727112285507030e+02 0. 0. 1.</data></cameraMatrix>
<cameraMatrix_std_dev type_id="opencv-matrix">
  <rows>4</rows>
  <cols>1</cols>
  <dt>d</dt>
  <data>
    0. 1.4168458371647647e+01 1.9298061309123680e+00
    2.8319878354395920e+00</data></cameraMatrix_std_dev>
<dist_coeffs type_id="opencv-matrix">
  <rows>1</rows>
  <cols>5</cols>
  <dt>d</dt>
  <data>
    4.4527524205669057e-02 6.1167784932617830e-01 0. 0.
    -2.2965408122024100e+00</data></dist_coeffs>
<dist_coeffs_std_dev type_id="opencv-matrix">
  <rows>5</rows>
  <cols>1</cols>
  <dt>d</dt>
  <data>
    1.2213616989558548e-02 1.1458027298694752e-01 0. 0.
    3.7673069325645231e-01</data></dist_coeffs_std_dev>
<avg_reprojection_error>1.6988979480513083e-01</avg_reprojection_error>
</opencv_storage>
