<?xml version="1.0"?>
<opencv_storage>
<calibrationDate>"Thu Feb  8 10:27:43 2024"</calibrationDate>
<framesCount>7</framesCount>
<cameraResolution>
  1280 720</cameraResolution>
<cameraMatrix type_id="opencv-matrix">
  <rows>3</rows>
  <cols>3</cols>
  <dt>d</dt>
  <data>
    1.0174786294613956e+03 0. 6.2870147050116987e+02 0.
    1.0184454919097579e+03 3.8025162743486180e+02 0. 0. 1.</data></cameraMatrix>
<cameraMatrix_std_dev type_id="opencv-matrix">
  <rows>4</rows>
  <cols>1</cols>
  <dt>d</dt>
  <data>
    6.9204531601344099e+00 6.8411704495883825e+00 3.2289756297988892e+00
    2.9336595548224715e+00</data></cameraMatrix_std_dev>
<dist_coeffs type_id="opencv-matrix">
  <rows>1</rows>
  <cols>5</cols>
  <dt>d</dt>
  <data>
    -2.3401079830185434e-01 2.3927469061155153e+00
    8.1439736420317495e-03 3.5672161681534254e-03
    -6.0426000357673093e+00</data></dist_coeffs>
<dist_coeffs_std_dev type_id="opencv-matrix">
  <rows>5</rows>
  <cols>1</cols>
  <dt>d</dt>
  <data>
    1.7276703158579158e-02 1.8943061330993927e-01 8.8471612261767656e-04
    1.2218841589505670e-03 5.9268644332516662e-01</data></dist_coeffs_std_dev>
<avg_reprojection_error>3.6127400432437540e-01</avg_reprojection_error>
</opencv_storage>
